1
2
4
6
7
8
9
10
11
12
13
14
16
17
18
19
21
22
23
24
26
27
28
33
34
35
36
37
38
39
40
41
44
45
55
56
57
58
59
60
61
62
63
65
67
68
69
70
90
127
138
171
184
205
213
214
266
292
293
295
296
299
301
305
306
331
335
337
338
339
399
426
428
434
441
451
457
458
460
465
466
472
475
490
529
602
605
609
618
619
620
621
622
623
624
625
626
627
628
629
630
631
632
633
635
683
685
688
689
691
693
694
695
696
697
698
699
700
701
702
703
704
706
709
712
713
717
720
725
737
751
752
753
759
768
795
802
803
843
1019
1182
1186
1187
1188
1215
1216
1239
1255
1259
1260
1261
1263
1264
1266
1267
1268
1274
1275
1276
1281
1282
1284
1289
1290
1292
1301
1302
1316
1319
1321
1322
1323
1324
1325
1326
1327
1329
1330
1376
1387
1393
1395
1396
1397
1398
1400
1404
1405
1407
1408
1409
1410
1435
1444
1445
1446
1453
1454
1502
1507
1693
1695
1696
1718
1719
1729
1776
1815
1816
1818
1819
1820
1821
1830
1831
1834
1835
1841
1843
1844
1851
1852
1853
1854
1863
1865
1866
1878
1879
1880
1884
1885
1887
1889
1890
1891
1893
1895
1896
1898
1900
1901
1902
1927
1936
1937
1938
2019
2037
2039
2041
2042
2043
2044
2045
2046
2049
2050
2054
2055
2056
2057
2058
2059
2068
2069
2070
2071
2072
2073
2074
2075
2076
2085
2122
2123
2125
2127
2129
2202
2227
2297
2298
2299
2300
2302
2303
2304
2305
2306
2307
2308
2309
2412
3748
3749
3750
4023
4025
4026
4027
4029
4030
4031
4032
4033
4034
4035
4036
6165
6249
6250
6251
6252
6257
6456
6578
7196
7367
7368
7369
8454
9047
10888
10969
11946
12536
12728
13058
13137
13328
13420
13545
13586
13695
13895
13982
13999
14002
14043
14110
14189
14207
14288
14333
14337
14338
